TECHNOLOGIES 	  c_inv	 c_maint	 lifetime	  f_min	 f	 f_max	 fmin_perc	 f_perc	 fmax_perc	 c_p	 tau	 gwp_constr 
 UNITS	[GW or GWh]	[MCHCapitalf/GW]	 [MCHCapitalf/GW]	 [y]	 [GW or GWh]	 [GW or GWh]	 [GW or GWh]	 [0-1]	 [0-1]	 [0-1]	 [0-1]	 [-]	 [ktCO2-eq./GW or GWh] 
NUCLEAR	0.000000	0.000000	60.000000	0.000000	0.000000	0.000000	0.000000	0.000000	1.000000	0.849000	0.037106	0.000000	%f\t
CCGT	0.000000	0.000000	25.000000	0.000000	0.000000	10.000000	0.000000	0.000000	1.000000	0.850000	0.058231	0.000000	%f\t
CCGT_CCS	0.000000	0.000000	25.000000	0.000000	0.000000	10.000000	0.000000	0.000000	1.000000	0.850000	0.058231	0.000000	%f\t
COAL_US	0.000000	0.000000	35.000000	0.000000	0.000000	10.000000	0.000000	0.000000	1.000000	0.868000	0.047393	0.000000	%f\t
COAL_IGCC	0.000000	0.000000	35.000000	0.000000	0.000000	10.000000	0.000000	0.000000	1.000000	0.856000	0.047393	0.000000	%f\t
COAL_US_CCS	0.000000	0.000000	35.000000	0.000000	0.000000	10.000000	0.000000	0.000000	1.000000	0.868000	0.047393	0.000000	%f\t
COAL_IGCC_CCS	0.000000	0.000000	35.000000	0.000000	0.000000	10.000000	0.000000	0.000000	1.000000	0.856000	0.047393	0.000000	%f\t
PV	0.000000	0.000000	25.000000	0.000000	0.000000	25.000000	0.000000	0.000000	0.500000	1.000000	0.058231	0.000000	%f\t
WIND	0.000000	0.000000	20.000000	0.000000	0.000000	5.300000	0.000000	0.000000	0.500000	1.000000	0.067995	0.000000	%f\t
HYDRO_DAM	39013.391200	195.051200	40.000000	8.080000	8.080000	8.080000	0.000000	0.177490	1.000000	1.000000	0.044141	13678.470400	%f\t
NEW_HYDRO_DAM	0.000000	0.000000	40.000000	0.000000	0.000000	0.440000	0.000000	0.000000	1.000000	1.000000	0.044141	0.000000	%f\t
HYDRO_RIVER	20472.386000	204.706000	40.000000	3.800000	3.800000	3.800000	0.000000	0.184148	1.000000	1.000000	0.044141	4798.716000	%f\t
NEW_HYDRO_RIVER	0.000000	0.000000	40.000000	0.000000	0.000000	0.850000	0.000000	0.000000	1.000000	1.000000	0.044141	0.000000	%f\t
GEOTHERMAL	0.000000	0.000000	30.000000	0.000000	0.000000	0.700000	0.000000	0.000000	1.000000	0.860000	0.051847	0.000000	%f\t
NEWSOLAR_TURBINE	2360.263778	0.000000	25.000000	0.000000	6.743611	20.000000	0.000000	0.638363	1.000000	1.000000	0.058231	0.000000	%f\t
IND_COGEN_GAS	0.000000	0.000000	25.000000	0.000000	0.000000	20.000000	0.000000	0.000000	0.500000	0.850000	0.058231	0.000000	%f\t
IND_COGEN_WOOD	0.000000	0.000000	25.000000	0.000000	0.000000	20.000000	0.000000	0.000000	1.000000	0.850000	0.058231	0.000000	%f\t
IND_COGEN_WASTE	0.000000	0.000000	25.000000	0.000000	0.000000	20.000000	0.000000	0.000000	0.500000	0.850000	0.058231	0.000000	%f\t
IND_BOILER_GAS	5.090025	0.101979	17.000000	0.000000	0.080935	20.000000	0.000000	0.014501	0.600000	0.950000	0.076719	0.997124	%f\t
IND_BOILER_WOOD	0.000000	0.000000	17.000000	0.000000	0.000000	20.000000	0.000000	0.000000	1.000000	0.900000	0.076719	0.000000	%f\t
IND_BOILER_OIL	0.000000	0.000000	17.000000	0.000000	0.000000	20.000000	0.000000	0.000000	0.500000	0.950000	0.076719	0.000000	%f\t
IND_BOILER_COAL	90.562479	1.811250	17.000000	0.000000	0.736280	20.000000	0.000000	0.305172	0.500000	0.900000	0.076719	35.473986	%f\t
IND_BOILER_WASTE	142.541014	2.850820	17.000000	0.000000	1.158870	20.000000	0.000000	0.480327	1.000000	0.900000	0.076719	33.456578	%f\t
IND_DIRECT_ELEC	208.135388	0.944177	15.000000	0.000000	0.586446	20.000000	0.000000	0.200000	0.200000	0.950000	0.084526	0.862075	%f\t
DHN_HP_ELEC	738.884237	25.708523	25.000000	0.000000	2.006910	20.000000	0.000000	0.500000	0.500000	0.950000	0.058231	350.787886	%f\t
DHN_COGEN_GAS	0.000000	0.000000	25.000000	0.000000	0.000000	20.000000	0.000000	0.000000	0.500000	0.850000	0.058231	0.000000	%f\t
DHN_COGEN_WOOD	0.000000	0.000000	25.000000	0.000000	0.000000	20.000000	0.000000	0.000000	1.000000	0.850000	0.058231	0.000000	%f\t
DHN_COGEN_WASTE	0.000000	0.000000	25.000000	0.000000	0.000000	20.000000	0.000000	0.000000	0.500000	0.850000	0.058231	0.000000	%f\t
DHN_BOILER_GAS	120.247768	2.409162	17.000000	0.000000	1.912033	20.000000	0.200000	0.200000	0.800000	0.950000	0.076719	23.556249	%f\t
DHN_BOILER_WOOD	0.000000	0.000000	17.000000	0.000000	0.000000	20.000000	0.000000	0.000000	1.000000	0.900000	0.076719	0.000000	%f\t
DHN_BOILER_OIL	0.000000	0.000000	17.000000	0.000000	0.000000	20.000000	0.000000	0.000000	0.500000	0.950000	0.076719	0.000000	%f\t
DHN_DEEP_GEO	1261.272167	46.803456	30.000000	0.000000	0.778501	20.000000	0.000000	0.300000	0.500000	0.850000	0.051847	629.620140	%f\t
DEC_HP_ELEC	3193.304018	136.617136	18.000000	0.000000	6.077275	20.000000	0.000000	0.500000	0.500000	1.000000	0.073479	1002.081834	%f\t
DEC_THHP_GAS	0.000000	0.000000	20.000000	0.000000	0.000000	20.000000	0.000000	0.000000	0.200000	1.000000	0.067995	0.000000	%f\t
DEC_COGEN_GAS	0.000000	0.000000	20.000000	0.000000	0.000000	20.000000	0.000000	0.000000	0.400000	1.000000	0.067995	0.000000	%f\t
DEC_COGEN_OIL	0.000000	0.000000	20.000000	0.000000	0.000000	20.000000	0.000000	0.000000	0.400000	1.000000	0.067995	0.000000	%f\t
DEC_ADVCOGEN_GAS	0.000000	0.000000	20.000000	0.000000	0.000000	20.000000	0.000000	0.000000	0.200000	1.000000	0.067995	0.000000	%f\t
DEC_ADVCOGEN_H2	0.000000	0.000000	20.000000	0.000000	0.000000	20.000000	0.000000	0.000000	0.200000	1.000000	0.067995	0.000000	%f\t
DEC_BOILER_GAS	423.748139	12.714947	17.000000	0.000000	2.502942	20.000000	0.200000	0.200000	0.800000	1.000000	0.076719	52.787054	%f\t
DEC_BOILER_WOOD	0.000000	0.000000	17.000000	0.000000	0.000000	20.000000	0.000000	0.000000	1.000000	1.000000	0.076719	0.000000	%f\t
DEC_BOILER_OIL	184.811483	11.085043	17.000000	0.000000	1.215465	20.000000	0.100000	0.100000	0.500000	1.000000	0.076719	25.634161	%f\t
DEC_SOLAR	0.000000	0.000000	20.000000	0.000000	0.000000	20.000000	0.000000	0.000000	0.400000	1.000000	0.067995	0.000000	%f\t
DEC_DIRECT_ELEC	160.170403	0.712869	15.000000	0.000000	3.751942	20.000000	0.000000	0.200000	0.200000	1.000000	0.084526	5.515355	%f\t
TRAMWAY_TROLLEY	0.000000	0.000000	1.000000	0.000000	16.700000	16.700000	0.000000	0.200000	0.300000	1.000000	1.031250	0.000000	%f\t
BUS_COACH_DIESEL	0.000000	0.000000	1.000000	0.000000	16.700000	16.700000	0.000000	0.000000	0.300000	1.000000	1.031250	0.000000	%f\t
BUS_COACH_HYDIESEL	0.000000	0.000000	1.000000	0.000000	16.700000	16.700000	0.000000	0.000000	0.300000	1.000000	1.031250	0.000000	%f\t
BUS_COACH_CNG_STOICH	0.000000	0.000000	1.000000	0.000000	16.700000	16.700000	0.000000	0.000000	0.300000	1.000000	1.031250	0.000000	%f\t
BUS_COACH_CapitalfC_HYBRIDH2	0.000000	0.000000	1.000000	0.000000	16.700000	16.700000	0.000000	0.000000	0.200000	1.000000	1.031250	0.000000	%f\t
TRAIN_PUB	0.000000	0.000000	1.000000	0.000000	16.700000	16.700000	0.000000	0.800000	0.800000	1.000000	1.031250	0.000000	%f\t
CAR_GASOLINE	0.000000	0.000000	1.000000	0.000000	16.700000	16.700000	0.200000	0.200000	1.000000	1.000000	1.031250	0.000000	%f\t
CAR_DIESEL	0.000000	0.000000	1.000000	0.000000	16.700000	16.700000	0.200000	0.200000	1.000000	1.000000	1.031250	0.000000	%f\t
CAR_NG	0.000000	0.000000	1.000000	0.000000	16.700000	16.700000	0.000000	0.000000	0.500000	1.000000	1.031250	0.000000	%f\t
CAR_HEV	0.000000	0.000000	1.000000	0.000000	16.700000	16.700000	0.000000	0.000000	0.300000	1.000000	1.031250	0.000000	%f\t
CAR_PHEV	0.000000	0.000000	1.000000	0.000000	16.700000	16.700000	0.000000	0.100000	0.300000	1.000000	1.031250	0.000000	%f\t
CAR_BEV	0.000000	0.000000	1.000000	0.000000	16.700000	16.700000	0.000000	0.300000	0.300000	1.000000	1.031250	0.000000	%f\t
CAR_CapitalfUEL_CELL	0.000000	0.000000	1.000000	0.000000	16.700000	16.700000	0.000000	0.200000	0.200000	1.000000	1.031250	0.000000	%f\t
TRAIN_CapitalfREIGHT	0.000000	0.000000	1.000000	0.920000	3.200000	3.200000	0.000000	1.000000	1.000000	1.000000	1.031250	0.000000	%f\t
TRUCK	0.000000	0.000000	1.000000	0.920000	3.200000	3.200000	0.000000	1.000000	1.000000	1.000000	1.031250	0.000000	%f\t
DAM_STORAGE	0.000000	0.000000	1.000000	7500.000000	7500.000000	9900.000000	0.000000	-1.000000	1.000000	1.000000	1.031250	0.000000	%f\t
LNG_STO	0.000000	0.000000	25.000000	0.000000	0.000000	100000.000000	0.000000	-1.000000	1.000000	1.000000	0.058231	0.000000	%f\t
PHES	1837.620000	7.380000	40.000000	369.000000	369.000000	1700.000000	0.000000	-1.000000	1.000000	1.000000	0.044141	3073.770000	%f\t
BATT_LI	0.000000	0.000000	15.000000	0.000000	0.000000	100000.000000	0.000000	-1.000000	1.000000	1.000000	0.084526	0.000000	%f\t
BEV_BATT	0.000000	0.000000	1.000000	0.000000	20.880000	100000.000000	0.000000	-1.000000	1.000000	1.000000	1.031250	0.000000	%f\t
PHEV_BATT	0.000000	0.000000	1.000000	0.000000	1.276000	100000.000000	0.000000	-1.000000	1.000000	1.000000	1.031250	0.000000	%f\t
TS_DEC_HP_ELEC	353.676618	0.000000	25.000000	0.000000	17.456891	100000.000000	0.000000	-1.000000	1.000000	1.000000	0.058231	0.000000	%f\t
TS_DEC_DIRECT_ELEC	0.000000	0.000000	25.000000	0.000000	0.000000	100000.000000	0.000000	-1.000000	1.000000	1.000000	0.058231	0.000000	%f\t
TS_DHN_DAILY	147.738649	0.000000	25.000000	0.000000	14.584269	100000.000000	0.000000	-1.000000	1.000000	1.000000	0.058231	0.000000	%f\t
TS_DHN_SEASONAL	161.806556	0.000000	25.000000	0.000000	48.156713	100000.000000	0.000000	-1.000000	1.000000	1.000000	0.058231	0.000000	%f\t
TS_DEC_THHP_GAS	0.000000	0.000000	25.000000	0.000000	0.000000	100000.000000	0.000000	-1.000000	1.000000	1.000000	0.058231	0.000000	%f\t
TS_DEC_COGEN_GAS	0.000000	0.000000	25.000000	0.000000	0.000000	100000.000000	0.000000	-1.000000	1.000000	1.000000	0.058231	0.000000	%f\t
TS_DEC_COGEN_OIL	0.000000	0.000000	25.000000	0.000000	0.000000	100000.000000	0.000000	-1.000000	1.000000	1.000000	0.058231	0.000000	%f\t
TS_DEC_ADVCOGEN_GAS	0.000000	0.000000	25.000000	0.000000	0.000000	100000.000000	0.000000	-1.000000	1.000000	1.000000	0.058231	0.000000	%f\t
TS_DEC_ADVCOGEN_H2	0.000000	0.000000	25.000000	0.000000	0.000000	100000.000000	0.000000	-1.000000	1.000000	1.000000	0.058231	0.000000	%f\t
TS_DEC_BOILER_GAS	130.646332	0.000000	25.000000	0.000000	6.448486	100000.000000	0.000000	-1.000000	1.000000	1.000000	0.058231	0.000000	%f\t
TS_DEC_BOILER_WOOD	0.000000	0.000000	25.000000	0.000000	0.000000	100000.000000	0.000000	-1.000000	1.000000	1.000000	0.058231	0.000000	%f\t
TS_DEC_BOILER_OIL	70.735920	0.000000	25.000000	0.000000	3.491408	100000.000000	0.000000	-1.000000	1.000000	1.000000	0.058231	0.000000	%f\t
NEWSOLAR_STORAGE	0.000000	0.000000	20.000000	0.000000	0.000000	100000.000000	0.000000	-1.000000	1.000000	1.000000	0.067995	0.000000	%f\t
ECapitalfCapitalfICIENCY	1799.757576	0.000000	1.000000	0.000000	0.969697	20.000000	0.000000	-1.000000	1.000000	1.000000	1.031250	0.000000	%f\t
DHN	4142.957966	0.000000	60.000000	0.000000	4.697444	20.000000	0.000000	-1.000000	1.000000	1.000000	0.037106	0.000000	%f\t
GRID	61100.000000	0.000000	80.000000	0.000000	1.000000	20.000000	0.000000	-1.000000	1.000000	1.000000	0.034164	0.000000	%f\t
POWER2GAS_in	0.000000	0.000000	1.000000	0.000000	0.000000	20.000000	0.000000	-1.000000	1.000000	0.900000	1.031250	0.000000	%f\t
POWER2GAS_out	0.000000	0.000000	1.000000	0.000000	0.000000	20.000000	0.000000	-1.000000	1.000000	0.900000	1.031250	0.000000	%f\t
POWER2GAS	0.000000	0.000000	25.000000	0.000000	0.000000	20.000000	0.000000	-1.000000	1.000000	1.000000	0.058231	0.000000	%f\t
H2_ELECTROLYSIS	192.110317	19.212786	15.000000	0.000000	0.584864	20.000000	0.000000	-1.000000	1.000000	0.900000	0.084526	0.000000	%f\t
H2_NG	0.000000	0.000000	25.000000	0.000000	0.000000	20.000000	0.000000	-1.000000	1.000000	0.860000	0.058231	0.000000	%f\t
H2_BIOMASS	0.000000	0.000000	25.000000	0.000000	0.000000	20.000000	0.000000	-1.000000	1.000000	0.860000	0.058231	0.000000	%f\t
GASICapitalfICATION_SNG	0.000000	0.000000	25.000000	0.000000	0.000000	20.000000	0.000000	-1.000000	1.000000	0.850000	0.058231	0.000000	%f\t
PYROLYSIS	0.000000	0.000000	25.000000	0.000000	0.000000	20.000000	0.000000	-1.000000	1.000000	0.850000	0.058231	0.000000	%f\t
NEWSOLAR_SOLTOHEAT	2997.130381	0.000000	30.000000	0.000000	14.985652	20.000000	0.000000	-1.000000	1.000000	1.000000	0.051847	0.000000	%f\t