TECHNOLOGIES 	  c_inv	 c_maint	 lifetime	  f_min	 f	 f_max	 fmin_perc	 f_perc	 fmax_perc	 c_p	 tau	 gwp_constr 
 UNITS	[GW or GWh]	[MCHCapitalf/GW]	 [MCHCapitalf/GW]	 [y]	 [GW or GWh]	 [GW or GWh]	 [GW or GWh]	 [0-1]	 [0-1]	 [0-1]	 [0-1]	 [-]	 [ktCO2-eq./GW or GWh] 
NUCLEAR	0.000000	0.000000	60.000000	0.000000	0.000000	0.000000	0.000000	0.000000	1.000000	0.849000	0.025393	0.000000	%f\t
CCGT	5907.819180	150.990102	25.000000	0.000000	7.652697	100000.000000	0.000000	0.121320	1.000000	0.850000	0.048263	1406.489219	%f\t
COAL_US	0.000000	0.000000	35.000000	0.000000	0.000000	100000.000000	0.000000	0.000000	1.000000	0.868000	0.036934	0.000000	%f\t
COAL_IGCC	0.000000	0.000000	35.000000	0.000000	0.000000	100000.000000	0.000000	0.000000	1.000000	0.856000	0.036934	0.000000	%f\t
PV	51482.250000	639.977625	25.000000	3.846000	59.175000	100000.000000	0.000000	0.563309	1.000000	1.000000	0.048263	123168.620250	%f\t
WIND_ONSHORE	10400.000000	28.900000	30.000000	1.177000	10.000000	10.000000	0.000000	0.195071	1.000000	1.000000	0.041639	6228.500000	%f\t
WIND_OFFSHORE	6755.000000	34.230000	30.000000	0.692000	3.500000	3.500000	0.000000	0.115643	1.000000	1.000000	0.041639	2179.975000	%f\t
HYDRO_RIVER	605.390392	6.053376	40.000000	0.110000	0.120000	0.120000	0.000000	0.004658	1.000000	1.000000	0.033427	151.538400	%f\t
GEOTHERMAL	0.000000	0.000000	30.000000	0.000000	0.000000	0.000000	0.000000	0.000000	1.000000	0.860000	0.041639	0.000000	%f\t
IND_COGEN_GAS	10499.375800	690.583030	25.000000	0.000000	7.456761	100000.000000	0.000000	0.744190	1.000000	0.850000	0.048263	7638.108956	%f\t
IND_COGEN_WOOD	0.000000	0.000000	25.000000	0.000000	0.000000	100000.000000	0.000000	0.000000	1.000000	0.850000	0.048263	0.000000	%f\t
IND_COGEN_WASTE	0.000000	0.000000	25.000000	0.000000	0.000000	100000.000000	0.000000	0.000000	1.000000	0.850000	0.048263	0.000000	%f\t
IND_BOILER_GAS	0.000000	0.000000	17.000000	0.000000	0.000000	100000.000000	0.000000	0.000000	1.000000	0.950000	0.067080	0.000000	%f\t
IND_BOILER_WOOD	433.859210	8.677184	17.000000	0.000000	3.766815	100000.000000	0.000000	0.109199	1.000000	0.900000	0.067080	108.747950	%f\t
IND_BOILER_OIL	0.000000	0.000000	17.000000	0.000000	0.000000	100000.000000	0.000000	0.000000	1.000000	0.950000	0.067080	0.000000	%f\t
IND_BOILER_COAL	0.000000	0.000000	17.000000	0.000000	0.000000	100000.000000	0.000000	0.000000	1.000000	0.900000	0.067080	0.000000	%f\t
IND_BOILER_WASTE	425.005428	8.500109	17.000000	0.000000	3.689946	100000.000000	0.000000	0.117162	1.000000	0.900000	0.067080	106.528727	%f\t
IND_DIRECT_ELEC	1663.936197	7.548216	15.000000	0.000000	5.006671	100000.000000	0.000000	0.029450	1.000000	0.950000	0.074944	7.359806	%f\t
DHN_HP_ELEC	10030.535452	348.999536	25.000000	0.000000	29.094192	100000.000000	0.000000	1.000000	1.000000	0.950000	0.048263	5085.373886	%f\t
DHN_COGEN_GAS	0.000000	0.000000	25.000000	0.000000	0.000000	100000.000000	0.000000	0.000000	1.000000	0.850000	0.048263	0.000000	%f\t
DHN_COGEN_WOOD	0.000000	0.000000	25.000000	0.000000	0.000000	100000.000000	0.000000	0.000000	1.000000	0.850000	0.048263	0.000000	%f\t
DHN_COGEN_WET_BIOMASS	0.000000	0.000000	25.000000	0.000000	0.000000	100000.000000	0.000000	0.000000	1.000000	0.750000	0.048263	0.000000	%f\t
DHN_COGEN_WASTE	0.000000	0.000000	25.000000	0.000000	0.000000	100000.000000	0.000000	0.000000	1.000000	0.850000	0.048263	0.000000	%f\t
DHN_BOILER_GAS	0.000000	0.000000	17.000000	0.000000	0.000000	100000.000000	0.000000	0.000000	1.000000	0.950000	0.067080	0.000000	%f\t
DHN_BOILER_WOOD	0.000000	0.000000	17.000000	0.000000	0.000000	100000.000000	0.000000	0.000000	1.000000	0.900000	0.067080	0.000000	%f\t
DHN_BOILER_OIL	0.000000	0.000000	17.000000	0.000000	0.000000	100000.000000	0.000000	0.000000	1.000000	0.950000	0.067080	0.000000	%f\t
DHN_DEEP_GEO	0.000000	0.000000	30.000000	0.000000	0.000000	0.000000	0.000000	0.000000	1.000000	0.850000	0.041639	0.000000	%f\t
DHN_SOLAR	0.000000	0.000000	30.000000	0.000000	0.000000	100000.000000	0.000000	0.000000	1.000000	1.000000	0.041639	0.000000	%f\t
DEC_HP_ELEC	14400.817668	616.101211	18.000000	0.000000	29.267548	100000.000000	0.000000	1.000000	1.000000	1.000000	0.063806	4825.926019	%f\t
DEC_THHP_GAS	0.000000	0.000000	20.000000	0.000000	0.000000	100000.000000	0.000000	0.000000	0.000000	1.000000	0.058246	0.000000	%f\t
DEC_COGEN_GAS	0.000000	0.000000	20.000000	0.000000	0.000000	100000.000000	0.000000	0.000000	1.000000	1.000000	0.058246	0.000000	%f\t
DEC_COGEN_OIL	0.000000	0.000000	20.000000	0.000000	0.000000	100000.000000	0.000000	0.000000	1.000000	1.000000	0.058246	0.000000	%f\t
DEC_ADVCOGEN_GAS	0.000000	0.000000	20.000000	0.000000	0.000000	100000.000000	0.000000	0.000000	1.000000	1.000000	0.058246	0.000000	%f\t
DEC_ADVCOGEN_H2	0.000000	0.000000	20.000000	0.000000	0.000000	100000.000000	0.000000	0.000000	1.000000	1.000000	0.058246	0.000000	%f\t
DEC_BOILER_GAS	0.000000	0.000000	17.000000	0.000000	0.000000	100000.000000	0.000000	0.000000	1.000000	1.000000	0.067080	0.000000	%f\t
DEC_BOILER_WOOD	0.000000	0.000000	17.000000	0.000000	0.000000	100000.000000	0.000000	0.000000	1.000000	1.000000	0.067080	0.000000	%f\t
DEC_BOILER_OIL	0.000000	0.000000	17.000000	0.000000	0.000000	100000.000000	0.000000	0.000000	1.000000	1.000000	0.067080	0.000000	%f\t
DEC_SOLAR	0.000000	0.000000	20.000000	0.000000	0.000000	100000.000000	0.000000	0.000000	1.000000	1.000000	0.058246	0.000000	%f\t
DEC_DIRECT_ELEC	0.000000	0.000000	15.000000	0.000000	0.000000	100000.000000	0.000000	0.000000	1.000000	1.000000	0.074944	0.000000	%f\t
TRAMWAY_TROLLEY	0.000000	0.000000	1.000000	0.000000	16.700000	16.700000	0.000000	0.100000	0.300000	1.000000	1.015000	0.000000	%f\t
BUS_COACH_DIESEL	0.000000	0.000000	1.000000	0.000000	16.700000	16.700000	0.000000	0.000000	0.300000	1.000000	1.015000	0.000000	%f\t
BUS_COACH_HYDIESEL	0.000000	0.000000	1.000000	0.000000	16.700000	16.700000	0.000000	0.300000	0.300000	1.000000	1.015000	0.000000	%f\t
BUS_COACH_CNG_STOICH	0.000000	0.000000	1.000000	0.000000	16.700000	16.700000	0.000000	0.000000	0.300000	1.000000	1.015000	0.000000	%f\t
BUS_COACH_CapitalfC_HYBRIDH2	0.000000	0.000000	1.000000	0.000000	16.700000	16.700000	0.000000	0.000000	0.200000	1.000000	1.015000	0.000000	%f\t
TRAIN_PUB	0.000000	0.000000	1.000000	0.000000	16.700000	16.700000	0.000000	0.600000	0.600000	1.000000	1.015000	0.000000	%f\t
CAR_GASOLINE	0.000000	0.000000	1.000000	0.000000	16.700000	16.700000	0.000000	0.000000	1.000000	1.000000	1.015000	0.000000	%f\t
CAR_DIESEL	0.000000	0.000000	1.000000	0.000000	16.700000	16.700000	0.000000	0.000000	1.000000	1.000000	1.015000	0.000000	%f\t
CAR_NG	0.000000	0.000000	1.000000	0.000000	16.700000	16.700000	0.000000	0.000000	1.000000	1.000000	1.015000	0.000000	%f\t
CAR_HEV	0.000000	0.000000	1.000000	0.000000	16.700000	16.700000	0.000000	0.228721	1.000000	1.000000	1.015000	0.000000	%f\t
CAR_PHEV	0.000000	0.000000	1.000000	0.000000	16.700000	16.700000	0.000000	0.000000	1.000000	1.000000	1.015000	0.000000	%f\t
CAR_BEV	0.000000	0.000000	1.000000	0.000000	16.700000	16.700000	0.000000	0.000000	1.000000	1.000000	1.015000	0.000000	%f\t
CAR_CapitalfUEL_CELL	0.000000	0.000000	1.000000	0.000000	16.700000	16.700000	0.000000	0.771279	1.000000	1.000000	1.015000	0.000000	%f\t
TRAIN_CapitalfREIGHT	0.000000	0.000000	1.000000	0.920000	10.000000	10.000000	0.000000	1.000000	1.000000	1.000000	1.015000	0.000000	%f\t
BOAT_CapitalfREIGHT_DIESEL	0.000000	0.000000	1.000000	0.920000	10.000000	10.000000	0.000000	0.000000	1.000000	1.000000	1.015000	0.000000	%f\t
BOAT_CapitalfREIGHT_NG	0.000000	0.000000	1.000000	0.920000	10.000000	10.000000	0.000000	1.000000	1.000000	1.000000	1.015000	0.000000	%f\t
TRUCK_DIESEL	0.000000	0.000000	1.000000	0.920000	10.000000	10.000000	0.000000	0.000000	1.000000	1.000000	1.015000	0.000000	%f\t
TRUCK_CapitalfUEL_CELL	0.000000	0.000000	1.000000	0.000000	10.000000	10.000000	0.000000	0.000000	1.000000	1.000000	1.015000	0.000000	%f\t
TRUCK_NG	0.000000	0.000000	1.000000	0.000000	10.000000	10.000000	0.000000	1.000000	1.000000	1.000000	1.015000	0.000000	%f\t
NON_ENERGY_OIL	0.000000	0.000000	1.000000	0.000000	100000.000000	100000.000000	0.000000	-0.000000	1.000000	1.000000	1.015000	0.000000	%f\t
NON_ENERGY_NG	0.000000	0.000000	1.000000	0.000000	100000.000000	100000.000000	0.000000	1.000000	1.000000	1.000000	1.015000	0.000000	%f\t
PHS	294.000000	0.000000	50.000000	5.000000	5.000000	6.500000	0.000000	-1.000000	1.000000	1.000000	0.028572	41.650000	%f\t
BATT_LI	16170.586836	33.197894	15.000000	0.000000	53.544990	100000.000000	0.000000	-1.000000	1.000000	1.000000	0.074944	3282.307858	%f\t
BEV_BATT	0.000000	0.000000	1.000000	0.000000	0.000000	100000.000000	0.000000	-1.000000	1.000000	1.000000	1.015000	0.000000	%f\t
PHEV_BATT	0.000000	0.000000	1.000000	0.000000	0.000000	100000.000000	0.000000	-1.000000	1.000000	1.000000	1.015000	0.000000	%f\t
TS_DEC_HP_ELEC	1494.158628	10.459110	25.000000	0.000000	78.756762	100000.000000	0.000000	-1.000000	1.000000	1.000000	0.048263	0.000000	%f\t
TS_DEC_DIRECT_ELEC	0.000000	0.000000	25.000000	0.000000	0.000000	100000.000000	0.000000	-1.000000	1.000000	1.000000	0.048263	0.000000	%f\t
TS_DHN_DAILY	0.000000	0.000000	40.000000	0.000000	0.000000	100000.000000	0.000000	-1.000000	1.000000	1.000000	0.033427	0.000000	%f\t
TS_DHN_SEASONAL	11939.053601	66.328076	25.000000	0.000000	22109.358521	100000.000000	0.000000	-1.000000	1.000000	1.000000	0.048263	0.000000	%f\t
TS_DEC_THHP_GAS	0.000000	0.000000	25.000000	0.000000	0.000000	100000.000000	0.000000	-1.000000	1.000000	1.000000	0.048263	0.000000	%f\t
TS_DEC_COGEN_GAS	0.000000	0.000000	25.000000	0.000000	0.000000	100000.000000	0.000000	-1.000000	1.000000	1.000000	0.048263	0.000000	%f\t
TS_DEC_COGEN_OIL	0.000000	0.000000	25.000000	0.000000	0.000000	100000.000000	0.000000	-1.000000	1.000000	1.000000	0.048263	0.000000	%f\t
TS_DEC_ADVCOGEN_GAS	0.000000	0.000000	25.000000	0.000000	0.000000	100000.000000	0.000000	-1.000000	1.000000	1.000000	0.048263	0.000000	%f\t
TS_DEC_ADVCOGEN_H2	0.000000	0.000000	25.000000	0.000000	0.000000	100000.000000	0.000000	-1.000000	1.000000	1.000000	0.048263	0.000000	%f\t
TS_DEC_BOILER_GAS	0.000000	0.000000	25.000000	0.000000	0.000000	100000.000000	0.000000	-1.000000	1.000000	1.000000	0.048263	0.000000	%f\t
TS_DEC_BOILER_WOOD	0.000000	0.000000	25.000000	0.000000	0.000000	100000.000000	0.000000	-1.000000	1.000000	1.000000	0.048263	0.000000	%f\t
TS_DEC_BOILER_OIL	0.000000	0.000000	25.000000	0.000000	0.000000	100000.000000	0.000000	-1.000000	1.000000	1.000000	0.048263	0.000000	%f\t
SEASONAL_NG	0.000000	0.000000	30.000000	0.000000	0.000000	100000.000000	0.000000	-1.000000	1.000000	1.000000	0.041639	0.000000	%f\t
SEASONAL_H2	19.521140	0.094610	20.000000	0.000000	3.153658	100000.000000	0.000000	-1.000000	1.000000	1.000000	0.058246	0.000000	%f\t
CO2_STORAGE	0.000000	0.000000	20.000000	0.000000	0.000000	100000.000000	0.000000	-1.000000	1.000000	1.000000	0.058246	0.000000	%f\t
SLCapitalf_STO	2.992411	0.187085	20.000000	0.000000	471.245780	100000.000000	0.000000	-1.000000	1.000000	1.000000	0.058246	0.000000	%f\t
ECapitalfCapitalfICIENCY	3270.935961	0.000000	1.000000	0.000000	0.985222	100000.000000	0.000000	-1.000000	1.000000	1.000000	1.015000	0.000000	%f\t
DHN	24028.386472	0.000000	60.000000	0.000000	29.094192	100000.000000	0.000000	-1.000000	1.000000	1.000000	0.025393	0.000000	%f\t
GRID	74930.108659	0.000000	80.000000	0.000000	1.000147	100000.000000	0.000000	-1.000000	1.000000	1.000000	0.021548	0.000000	%f\t
H2_ELECTROLYSIS	921.518448	92.160261	15.000000	0.000000	2.995980	100000.000000	0.000000	-1.000000	1.000000	0.900000	0.074944	0.000000	%f\t
H2_NG	2040.672724	193.015382	25.000000	0.000000	2.995511	100000.000000	0.000000	-1.000000	1.000000	0.860000	0.048263	0.000000	%f\t
H2_BIOMASS	0.000000	0.000000	25.000000	0.000000	0.000000	100000.000000	0.000000	-1.000000	1.000000	0.860000	0.048263	0.000000	%f\t
GASICapitalfICATION_SNG	0.000000	0.000000	25.000000	0.000000	0.000000	100000.000000	0.000000	-1.000000	1.000000	0.850000	0.048263	0.000000	%f\t
PYROLYSIS	989.684699	49.481132	25.000000	0.000000	0.736253	100000.000000	0.000000	-1.000000	1.000000	0.850000	0.048263	0.000000	%f\t
ATM_CCS	0.000000	0.000000	40.000000	0.000000	0.000000	100000.000000	0.000000	-1.000000	1.000000	1.000000	0.033427	0.000000	%f\t
INDUSTRY_CCS	0.000000	0.000000	40.000000	0.000000	0.000000	100000.000000	0.000000	-1.000000	1.000000	1.000000	0.033427	0.000000	%f\t
SYN_METHANOLATION	0.000000	0.000000	20.000000	0.000000	0.000000	100000.000000	0.000000	-1.000000	1.000000	0.950000	0.058246	0.000000	%f\t
SYN_METHANATION	0.000000	0.000000	40.000000	0.000000	0.000000	100000.000000	0.000000	-1.000000	1.000000	1.000000	0.033427	0.000000	%f\t
BIOMETHANATION	2857.915930	24.088394	20.000000	0.000000	1.720600	100000.000000	0.000000	-1.000000	1.000000	0.850000	0.058246	0.000000	%f\t
SLCapitalf_TO_DIESEL	0.000000	0.000000	1.000000	0.000000	100000.000000	100000.000000	0.000000	-1.000000	1.000000	1.000000	1.015000	0.000000	%f\t
SLCapitalf_TO_GASOLINE	0.000000	0.000000	1.000000	0.000000	100000.000000	100000.000000	0.000000	-1.000000	1.000000	1.000000	1.015000	0.000000	%f\t
SLCapitalf_TO_LCapitalfO	0.000000	0.000000	1.000000	0.000000	100000.000000	100000.000000	0.000000	-1.000000	1.000000	1.000000	1.015000	0.000000	%f\t